0 0.33052884615384615 0.47836538461538464 0.3401442307692308 0.18990384615384615
0 0.5925480769230769 0.49158653846153844 0.22956730769230768 0.12379807692307693
0 0.6526442307692307 0.6862980769230769 0.36538461538461536 0.18629807692307693
0 0.4963942307692308 0.9002403846153846 0.3425480769230769 0.1466346153846154
0 0.32211538461538464 0.7403846153846154 0.20552884615384615 0.12620192307692307
0 0.12139423076923077 0.7163461538461539 0.14302884615384615 0.1466346153846154
0 0.53125 0.09375 0.37740384615384615 0.18028846153846154
0 0.7776442307692307 0.4495192307692308 0.33052884615384615 0.19951923076923078
0 0.8978365384615384 0.9038461538461539 0.19951923076923078 0.18629807692307693
0 0.6995192307692307 0.953125 0.1502403846153846 0.09375
0 0.1045673076923077 0.9146634615384616 0.20552884615384615 0.16947115384615385
0 0.16826923076923078 0.26802884615384615 0.3329326923076923 0.23677884615384615
0 0.8834134615384616 0.22355769230769232 0.23197115384615385 0.2668269230769231